Device:	GeForce GTX 650 Ti
Matrix Order: 16

Single precision
Multiplications	shortest(ns)	average(ns)
1	3712	9346
2	3712	7730
3	3712	7153
4	3712	7240
5	4256	8066
6	4256	7980
7	4224	8044
8	4256	7842
9	4352	8268
10	4256	8356
11	4256	8417
12	4288	8340
13	4768	8962
14	4768	8964
15	4832	8958
16	8480	8990
17	9024	9047
18	5344	9050
19	5408	9013
20	5568	9077
21	5888	9389
22	5888	9474
23	5344	9452
24	5568	9479
25	5856	10087
26	5856	10105
27	5888	10080
28	5824	10084
29	6048	10058
30	6432	10278
31	5984	10136
32	6016	10303
33	6368	10550
34	6400	10803
35	6624	10886
36	6944	10969
37	6944	11145
38	6912	11208
39	6944	11087
40	6944	11231
41	7488	11217
42	7456	11193
43	7456	11383
44	7552	11362
45	7456	11374
46	7456	11350
47	7456	11495
48	7456	11702
49	7968	11899
50	11680	11943
51	8064	12011
52	8096	12011
53	8576	12131
54	8544	12125
55	8192	12118
56	8160	12190
57	8576	12280
58	8544	12313
59	8512	12477
60	8608	12663
61	9280	12850
62	9056	13001
63	9088	12920
64	9088	13001
65	9088	13254
66	13120	13252
67	9248	13330
68	9600	13392
69	9248	13454
70	9600	13556
71	9632	13549
72	9632	13635
73	10176	13865
74	10144	14062
75	9824	13884
76	10144	14138
77	10112	14246
78	10144	14305
79	10112	14366
80	10400	14389
81	10752	14794
82	10496	14782
83	10784	14901
84	10656	14965
85	10816	14997
86	11232	15035
87	10656	15079
88	11232	15132
89	11232	15224
90	11296	15387
91	12128	15528
92	11392	15746
93	11296	15773
94	11616	15790
95	11552	15645
96	11776	15858
97	11744	15982
98	11936	16088
99	12128	16131
100	11904	16132

Double-Single precision
Multiplications	shortest(ns)	average(ns)
1	5344	9343
2	5344	9371
3	5312	9414
4	5888	9467
5	5856	10211
6	5888	10191
7	5888	10285
8	5824	10175
9	6912	11121
10	6944	11191
11	6944	11165
12	6912	11158
13	7744	12290
14	8672	12351
15	8576	12397
16	8000	12303
17	9536	13143
18	9152	13253
19	9088	13059
20	9120	13117
21	10176	14164
22	9792	14167
23	10144	14160
24	10720	14206
25	10240	15087
26	11392	15225
27	11232	15218
28	11488	15275
29	12416	16013
30	11904	16050
31	11808	16035
32	12512	16141
33	12768	16727
34	12992	17186
35	13472	17451
36	13536	17671
37	13408	17730
38	13952	17810
39	13920	18026
40	13920	18233
41	14432	18734
42	14560	19117
43	14528	19384
44	14656	19666
45	15584	19792
46	15520	19885
47	15552	19941
48	15680	20028
49	16160	20286
50	16096	20519
51	16192	20778
52	17568	21015
53	17248	21151
54	17216	21256
55	17280	21485
56	17984	21860
57	18176	22243
58	18016	22336
59	18368	22630
60	18272	22744
61	19296	23116
62	18976	23211
63	18816	23304
64	19392	23454
65	20032	23960
66	20480	24329
67	19904	24591
68	21088	24820
69	20896	24970
70	20928	24971
71	20992	25120
72	21120	25472
73	21568	25886
74	21952	26106
75	22048	26383
76	21984	26660
77	22528	26888
78	22592	27108
79	22656	27182
80	23040	27238
81	23296	27516
82	24288	27806
83	23552	28014
84	24352	28247
85	24160	28377
86	25216	28497
87	24672	28573
88	24672	28814
89	24928	29015
90	25216	29385
91	25280	29764
92	25888	30190
93	26304	30332
94	26336	30368
95	26048	30494
96	26304	30807
97	26848	31108
98	26880	31434
99	26944	31693
100	27200	31886

Quad-Single precision
Multiplications	shortest(ns)	average(ns)
1	107840	111918
2	107808	111903
3	107616	111980
4	108128	112032
5	123680	127057
6	123232	127445
7	122688	127548
8	123104	127730
9	147232	151978
10	147232	152453
11	147424	152409
12	147776	152578
13	172640	178577
14	174112	179444
15	175744	179639
16	175104	179873
17	209536	215047
18	210496	215442
19	209696	215892
20	209472	216531
21	247936	255127
22	250208	256195
23	251872	256835
24	251904	257373
25	334880	339884
26	335936	343861
27	336704	349834
28	337408	355656
29	352256	359530
30	351872	361715
31	352672	364196
32	352992	371720
33	378912	385988
34	380128	388734
35	381888	395218
36	384032	410210
37	404704	421826
38	408992	426248
39	410944	435038
40	413728	442796
41	440352	453853
42	443008	460417
43	445152	469708
44	447008	478787
45	477376	484500
46	477152	485478
47	475552	486447
48	479616	486912
49	561728	570345
50	563520	577287
51	564320	586230
52	568896	593417
53	582304	600179
54	585568	606434
55	585280	613354
56	590848	618788
57	612800	624371
58	614208	629358
59	615936	636502
60	619264	643388
61	639776	650186
62	641120	654931
63	642304	663563
64	643232	676019
65	674720	688113
66	674240	696349
67	676096	707442
68	679936	715851
69	708448	719066
70	708608	721253
71	712192	722242
72	712832	723724
73	786592	800784
74	789984	812148
75	794304	824087
76	797504	831077
77	812608	839645
78	813408	844838
79	817184	851108
80	822944	854584
81	841632	857934
82	843392	860716
83	844192	866628
84	847744	874291
85	870208	884230
86	873632	890600
87	875232	897249
88	874720	909782
89	905632	924811
90	907936	933004
91	910944	942715
92	913952	950405
93	942240	954238
94	943168	956418
95	945632	958380
96	944768	960227
97	1009888	1031124
98	1014336	1043233
99	1025856	1055510
100	1019392	1062853

Double precision
Multiplications	shortest(ns)	average(ns)
1	4224	7904
2	4256	8090
3	4256	8119
4	4224	8201
5	4768	9225
6	4768	9245
7	5312	9246
8	4736	9204
9	5824	9859
10	5856	9933
11	5888	9953
12	5856	9864
13	6528	10348
14	6368	10311
15	6400	10346
16	6400	10411
17	6912	11021
18	6912	11099
19	6976	11109
20	6944	11136
21	7616	11996
22	7488	12072
23	8032	12148
24	7488	12024
25	8192	12370
26	8064	12600
27	8544	12452
28	8096	12288
29	9120	13174
30	9152	13168
31	9088	13155
32	9088	13188
33	9632	13423
34	9632	13645
35	9664	13732
36	9632	13672
37	10304	14239
38	10176	14185
39	10176	14298
40	10144	14336
41	10720	14836
42	10688	14924
43	10720	15052
44	10720	15201
45	11200	15271
46	11232	15219
47	11232	15282
48	11264	15448
49	11744	15843
50	11808	16008
51	11744	16125
52	11776	16213
53	12320	16321
54	12320	16313
55	12448	16469
56	12448	16653
57	12896	17086
58	12928	17217
59	13184	17392
60	13376	17436
61	13408	17513
62	13504	17573
63	13536	17627
64	13504	17695
65	13952	18082
66	14080	18285
67	13952	18566
68	14112	18731
69	14944	18880
70	14976	18914
71	14976	18948
72	15040	19056
73	15392	19255
74	15520	19567
75	15456	19673
76	15808	19887
77	16064	20108
78	15680	20122
79	16064	20097
80	15872	20132
81	16576	20406
82	16608	20671
83	16704	20778
84	16608	20987
85	17152	21146
86	17120	21163
87	17120	21235
88	17216	21297
89	17664	21729
90	17600	21888
91	17632	22053
92	17824	22141
93	18176	22178
94	18176	22228
95	18304	22255
96	18112	22312
97	18752	22940
98	18784	23047
99	18816	23113
100	19264	23284

Double-Double precision
Multiplications	shortest(ns)	average(ns)
1	18144	22133
2	18304	22239
3	18272	22190
4	18304	22269
5	32832	37024
6	33088	37116
7	33088	37041
8	33024	37127
9	47872	51915
10	47968	51962
11	47744	51955
12	47744	51979
13	62720	66702
14	62592	66675
15	62592	66772
16	62464	66692
17	77120	81271
18	77152	81206
19	77216	81255
20	77216	81233
21	91648	95899
22	91872	96077
23	91744	95951
24	91744	95936
25	106336	110261
26	106336	111279
27	106240	114723
28	106400	120716
29	120832	124969
30	121024	125657
31	121024	130234
32	121056	142637
33	135392	155925
34	135264	165785
35	135424	173045
36	135488	177712
37	149824	177901
38	149920	176999
39	153920	179655
40	150176	180167
41	165024	181341
42	164608	182334
43	168736	183214
44	168640	183262
45	179072	183355
46	179232	183347
47	179488	184096
48	178976	183324
49	193568	197836
50	193536	198091
51	193856	198572
52	194016	200841
53	208000	212195
54	207968	212800
55	207968	215176
56	208320	217010
57	222528	233166
58	222688	237654
59	222560	243185
60	222848	246732
61	237024	250851
62	237184	253413
63	237184	256244
64	237280	260398
65	251648	264003
66	251904	267551
67	252448	269631
68	252384	270336
69	266208	271148
70	266304	271195
71	266624	272054
72	266304	270838
73	280768	284907
74	280544	286869
75	280736	289539
76	280768	292547
77	295264	300667
78	295168	302086
79	295264	304058
80	295232	306561
81	309664	319348
82	309760	324104
83	309696	330552
84	310144	333316
85	324448	337116
86	324320	338958
87	324512	342297
88	324544	343521
89	338976	346481
90	338912	349030
91	338880	353166
92	339072	356438
93	353280	358718
94	353536	359917
95	353568	362191
96	353376	357885
97	368000	372261
98	368192	375999
99	368032	378845
100	368352	383647
Quad-Double precision
Multiplications	shortest(ns)	average(ns)
1	168128	172161
2	168192	172280
3	168096	172221
4	168288	171161
5	252032	261636
6	253024	263534
7	254720	264309
8	257472	265278
9	358720	366674
10	361536	368195
11	363296	368918
12	363296	370134
13	521952	528706
14	523424	553700
15	526528	597452
16	526368	635324
17	604160	671462
18	611040	698937
19	613216	715831
20	614656	722725
21	715072	724595
22	715616	725765
23	718336	726689
24	721344	729088
25	866752	882822
26	875136	903297
27	879904	934620
28	881952	977586
29	957920	1015721
30	961280	1043662
31	964672	1066572
32	961888	1075104
33	1059776	1078627
34	1067968	1080864
35	1071488	1082600
36	1071840	1084579
37	1215680	1235841
38	1228832	1258147
39	1231264	1291280
40	1235744	1328526
41	1305120	1359655
42	1313216	1388916
43	1319072	1414748
44	1322112	1427769
45	1411200	1432806
46	1421088	1435297
47	1424320	1438005
48	1427232	1441500
49	1565536	1588825
50	1573440	1619773
51	1585344	1656666
52	1587360	1689619
53	1655360	1714361
54	1665312	1739162
55	1674144	1763434
56	1675360	1778719
57	1767200	1785828
58	1772128	1789284
59	1773600	1791916
60	1779744	1796350
61	1917920	1940435
62	1930944	1976171
63	1936512	2011572
64	1943616	2041333
65	2010368	2069023
66	2019328	2087835
67	2020896	2112314
68	2028800	2132938
69	2118336	2141246
70	2122080	2146383
71	2129440	2147031
72	2130240	2150123
73	2265152	2293145
74	2278144	2333854
75	2288544	2368742
76	2297568	2396908
77	2361344	2423232
78	2368224	2444513
79	2375232	2465240
80	2379360	2482577
81	2467520	2493174
82	2475200	2497563
83	2482656	2501350
84	2484800	2506234
85	2613408	2643779
86	2630944	2687976
87	2640704	2724171
88	2650080	2748295
89	2707008	2774187
90	2719232	2794919
91	2719072	2819427
92	2733024	2835614
93	2820704	2847480
94	2825024	2849962
95	2828704	2855488
96	2837440	2858151
97	2960448	2995207
98	2979776	3044318
99	2989952	3077314
100	3003936	3100120
